Config Data

*ftHandle: 0x014F2FC8
ftHandle: 0x014E55D8
ch_map: 
-842150451  -842150451  -842150451  -842150451  -842150451  -842150451  -842150451  -842150451  -842150451  -842150451  
RESERVED: 
-842150451  -842150451  -842150451  -842150451  -842150451  -842150451  -842150451  -842150451  -842150451  -842150451  
CHANNEL_SETTINGS: 
-842150451  -842150451  -842150451  -842150451  -842150451  -842150451  -842150451  -842150451  -842150451  -842150451  
GAIN_VALUES: 
-842150451  -842150451  -842150451  -842150451  -842150451  -842150451  -842150451  -842150451  -842150451  -842150451  
READ-ONLY VALUES: 
-842150451  -842150451  -842150451  -842150451  -842150451  -842150451  -842150451  -842150451  -842150451  -842150451  
PERIPHERAL_SETTINGS: 
-842150451  -842150451  -842150451  -842150451  -842150451  -842150451  -842150451  -842150451  -842150451  -842150451  
